0 1 32.787967681884766 -16.47536849975586 18.222089767456055
0 2 -7.89822244644165 -33.6364631652832 -19.383729934692383
0 3 -27.938364028930664 39.87081527709961 5.1067962646484375
0 4 -48.113685607910156 31.86639976501465 19.642337799072266
0 5 -4.051867961883545 -13.229752540588379 -3.76874041557312
0 6 -30.669702529907227 -48.21281051635742 -21.84151268005371
0 7 -36.97455978393555 26.210126876831055 -1.2085106372833252
0 8 18.2835750579834 -38.617671966552734 -16.129138946533203
0 9 -23.453529357910156 44.83344268798828 -19.030664443969727
0 10 7.088963031768799 -39.54844665527344 9.5895357131958
0 11 39.677738189697266 26.143590927124023 -22.021739959716797
0 12 -46.514583587646484 -27.580120086669922 -22.80704116821289
0 13 42.433685302734375 -43.52317428588867 8.937371253967285
0 14 -26.71204376220703 43.48224639892578 4.833860397338867
0 15 -32.69738006591797 -48.51207733154297 -1.4887934923171997
0 16 -16.3935546875 -19.32457160949707 9.097135543823242
0 17 34.36359786987305 -45.398712158203125 17.502037048339844
0 18 32.41539764404297 42.95635223388672 -18.72528648376465
0 19 -38.04854965209961 8.09406852722168 -22.668407440185547
0 20 -33.35108947753906 -44.91402816772461 0.7509618997573853
0 21 -31.67203712463379 -48.637325286865234 -11.690741539001465
0 22 47.50798034667969 -43.369911193847656 7.943922996520996
0 23 -34.10930252075195 -37.733306884765625 22.077646255493164
0 24 -47.4384651184082 -28.995288848876953 2.8287274837493896
0 25 -33.90951919555664 31.121994018554688 8.855795860290527
0 26 37.94065475463867 -41.957130432128906 5.645615100860596
0 27 -44.01829147338867 -42.711483001708984 -13.56428050994873
0 28 -14.09937858581543 -25.121417999267578 24.7796688079834
0 29 -43.99960708618164 -35.03873062133789 17.083654403686523
0 30 -45.05158233642578 -45.42729187011719 -18.301469802856445
0 31 -43.436824798583984 18.05318260192871 -4.167557239532471
0 32 34.126346588134766 -34.67009353637695 6.061795234680176
0 33 37.924705505371094 -47.96501922607422 2.5383002758026123
0 34 -21.989919662475586 46.854583740234375 -8.318522453308105
0 35 40.15079116821289 -38.1667594909668 -16.851295471191406
0 36 -14.121881484985352 -34.30508804321289 2.1450440883636475
0 37 -38.532989501953125 -43.14185333251953 -12.13908576965332
0 38 -26.489290237426758 -20.269298553466797 -15.906638145446777
0 39 -31.70036506652832 44.33857727050781 -23.94276237487793
0 40 41.853477478027344 -26.419967651367188 -16.718534469604492
0 41 -37.0657844543457 -33.20756149291992 13.066771507263184
0 42 -22.84984016418457 -30.214927673339844 -16.75325584411621
0 43 -36.703880310058594 47.936893463134766 5.137829780578613
0 44 -32.125244140625 -45.66069412231445 -16.089080810546875
0 45 -35.86834716796875 -19.373645782470703 -16.709104537963867
0 46 1.7375081777572632 -33.04204559326172 17.57442855834961
0 47 20.070999145507812 -36.82344055175781 -7.655272006988525
0 48 41.16202163696289 -20.993276596069336 23.134994506835938
0 49 -6.615710735321045 -14.060220718383789 8.472606658935547
0 50 44.474449157714844 -7.141685962677002 10.284682273864746
0 51 -40.385345458984375 47.792510986328125 -6.75692081451416
0 52 46.671546936035156 -36.44398880004883 6.875707149505615
0 53 -11.85500717163086 -22.128009796142578 1.944698691368103
0 54 -44.18463897705078 -44.633705139160156 21.433828353881836
0 55 -30.988584518432617 38.96903991699219 -10.9931058883667
0 56 -17.702314376831055 -19.02010154724121 -21.221925735473633
0 57 -26.37846565246582 -44.90311813354492 -5.138652801513672
0 58 -30.89868927001953 35.99207305908203 -14.741219520568848
0 59 -15.388276100158691 -41.05653762817383 -22.17081069946289
0 60 -16.5533447265625 48.307518005371094 1.1158422231674194
0 61 -37.344390869140625 -23.05492401123047 -6.059130668640137
0 62 -17.14213752746582 -30.490985870361328 18.271169662475586
0 63 32.16878890991211 -25.954017639160156 -15.2166166305542
0 64 -45.40574645996094 25.797508239746094 -23.222328186035156
0 65 -21.87723159790039 25.322664260864258 14.428915977478027
0 66 37.80482482910156 -12.931695938110352 15.462309837341309
0 67 -0.521999180316925 -26.88887596130371 -10.12552547454834
0 68 20.308135986328125 -43.01706314086914 -17.006593704223633
0 69 37.82724380493164 -47.95246505737305 -11.817999839782715
0 70 -48.65945053100586 33.353004455566406 6.778399467468262
0 71 -22.779346466064453 -36.42378234863281 -22.090545654296875
0 72 43.612098693847656 -39.65162658691406 21.274450302124023
0 73 -45.90407180786133 39.61172866821289 2.9427902698516846
0 74 -36.40791320800781 -21.108243942260742 6.2818922996521
0 75 -26.45421600341797 37.15922546386719 -21.419763565063477
0 76 33.77759552001953 -17.170684814453125 8.21301555633545
0 77 8.621797561645508 -42.606483459472656 -3.820030927658081
0 78 26.44194793701172 -42.33253860473633 9.76840591430664
0 79 -18.470075607299805 -47.03358840942383 5.077960014343262
0 80 -28.818769454956055 -40.91273880004883 16.574718475341797
0 81 -37.978477478027344 19.798662185668945 18.833694458007812
0 82 48.53001022338867 -4.598794460296631 18.001928329467773
0 83 -35.29377746582031 -46.34482192993164 -0.7590450644493103
0 84 -42.07600021362305 36.98273468017578 -24.160993576049805
0 85 -33.19451141357422 -34.789554595947266 12.891971588134766
0 86 45.745460510253906 -30.321773529052734 22.731250762939453
0 87 38.96417236328125 -26.630321502685547 -17.7379150390625
0 88 48.62064743041992 -44.5925407409668 19.099937438964844
0 89 45.46538162231445 -1.0453447103500366 -5.4300665855407715
0 90 -12.544071197509766 44.69528579711914 -12.861186027526855
0 91 -35.320735931396484 -16.38588523864746 -22.32010269165039
0 92 -41.46784591674805 35.6343994140625 -1.0483477115631104
0 93 -31.17064666748047 -45.99760818481445 19.742826461791992
0 94 -27.619203567504883 -31.7065372467041 8.576022148132324
0 95 45.97677230834961 29.158706665039062 -15.800047874450684
0 96 -32.07720184326172 -17.937910079956055 0.5907101035118103
0 97 37.6833610534668 -28.25284194946289 -19.77617835998535
0 98 -25.590253829956055 -16.876689910888672 14.068965911865234
0 99 -43.47693634033203 -48.716392517089844 -17.538288116455078
0 100 35.0080451965332 -35.71403884887695 -7.493297100067139
1 1 39.28765106201172 -11.703728675842285 22.387407302856445
1 2 -7.996130466461182 -34.4840087890625 -2.706271171569824
1 3 -28.82135581970215 47.404335021972656 8.110746383666992
1 4 28.31404685974121 29.738805770874023 12.634917259216309
1 5 3.121673107147217 -4.819471836090088 -2.469878911972046
1 6 -32.54857635498047 46.61708068847656 -19.61359977722168
1 7 -25.135915756225586 11.935958862304688 -10.22443675994873
1 8 16.844955444335938 -37.28091812133789 -14.675826072692871
1 9 -8.874542236328125 41.8813362121582 -18.99125862121582
1 10 -5.152819633483887 -26.426965713500977 23.88873863220215
1 11 34.24847412109375 16.825275421142578 -20.226490020751953
1 12 -34.76443099975586 -34.17716598510742 23.26084327697754
1 13 33.53889846801758 43.72157669067383 17.071502685546875
1 14 -32.17888259887695 -46.93876647949219 3.2915573120117188
1 15 -35.98027038574219 46.90482711791992 -0.5212517976760864
1 16 -18.08686637878418 -47.83399963378906 -2.420128345489502
1 17 -47.37321853637695 39.53109359741211 13.989768981933594
1 18 38.725425720214844 -41.03485107421875 23.33216094970703
1 19 -37.01643371582031 3.5962533950805664 -18.741722106933594
1 20 -29.866487503051758 44.02633285522461 -10.73315143585205
1 21 -27.908878326416016 -46.06558609008789 -17.760358810424805
1 22 -48.680423736572266 43.388648986816406 1.638487696647644
1 23 -26.03783416748047 -32.40851593017578 10.315204620361328
1 24 40.50741195678711 -23.666128158569336 10.089241027832031
1 25 -41.91117858886719 12.873208999633789 5.17712926864624
1 26 43.99380874633789 -32.65960693359375 -4.15446138381958
1 27 46.66740417480469 41.09952926635742 -11.092001914978027
1 28 -24.22859764099121 -10.617276191711426 19.69122886657715
1 29 -31.265718460083008 -37.46114730834961 19.984193801879883
1 30 -42.34673309326172 -44.54082107543945 -8.856898307800293
1 31 -41.21539306640625 10.523077964782715 -13.693346977233887
1 32 37.43881607055664 48.94629669189453 -5.500805854797363
1 33 32.16135787963867 -40.68189239501953 -2.4352834224700928
1 34 -48.54670715332031 -45.78371810913086 15.626968383789062
1 35 45.581485748291016 -40.639957427978516 21.821439743041992
1 36 -3.2347121238708496 -39.02153015136719 17.223548889160156
1 37 -34.41595458984375 43.91380310058594 -22.962425231933594
1 38 -21.870180130004883 -36.54485321044922 -22.39842414855957
1 39 -24.05475425720215 41.92389678955078 24.113712310791016
1 40 -47.36146926879883 -17.67934799194336 14.860297203063965
1 41 -43.2666130065918 -23.147809982299805 -4.091910362243652
1 42 -8.160918235778809 48.24970245361328 7.397141456604004
1 43 -41.32227325439453 36.293731689453125 13.947671890258789
1 44 -42.03214645385742 39.860191345214844 -6.3083176612854
1 45 -26.724411010742188 -15.537323951721191 -22.31170654296875
1 46 7.048314094543457 -19.990779876708984 6.535128116607666
1 47 19.199663162231445 -28.51978874206543 -3.4385452270507812
1 48 -38.91419219970703 -17.051136016845703 -18.56252098083496
1 49 -7.153848171234131 1.0553452968597412 15.190133094787598
1 50 41.99625015258789 -9.819581985473633 8.466612815856934
1 51 -45.73473358154297 -35.490081787109375 -10.974767684936523
1 52 46.43040084838867 38.75997543334961 14.24563980102539
1 53 -11.757041931152344 -22.637554168701172 -0.30109667778015137
1 54 -46.56245422363281 43.82987976074219 24.427101135253906
1 55 -45.193599700927734 42.01081085205078 3.982180595397949
1 56 -18.316804885864258 -2.320467948913574 -15.375956535339355
1 57 -18.3974666595459 41.80424118041992 23.029193878173828
1 58 -31.313087463378906 27.51101303100586 -0.1991443634033203
1 59 -11.216840744018555 -31.70215606689453 -9.292170524597168
1 60 -13.533122062683105 -47.97972106933594 8.479822158813477
1 61 -26.97517204284668 46.078399658203125 9.52005386352539
1 62 -20.870168685913086 -43.29219436645508 15.950199127197266
1 63 11.108335494995117 -23.419546127319336 23.830331802368164
1 64 -45.569419860839844 19.076183319091797 21.652896881103516
1 65 -30.020952224731445 21.768465042114258 -5.027287483215332
1 66 44.42769241333008 -20.78059959411621 10.857791900634766
1 67 -3.2514383792877197 -38.85271072387695 -1.1872081756591797
1 68 30.28561782836914 -24.73322868347168 -22.930328369140625
1 69 27.977481842041016 -45.65740966796875 -10.902083396911621
1 70 -44.022396087646484 24.408212661743164 7.5527448654174805
1 71 -19.772424697875977 -35.545318603515625 -1.6392525434494019
1 72 44.23606491088867 -37.02333450317383 21.283700942993164
1 73 -33.42207717895508 26.11161994934082 0.9226612448692322
1 74 -37.28911590576172 -13.658101081848145 9.732505798339844
1 75 -27.792530059814453 47.07241439819336 2.00036883354187
1 76 37.87370300292969 -15.69080638885498 10.1554594039917
1 77 -2.794485330581665 41.975528717041016 -0.3964909315109253
1 78 34.884578704833984 -45.925296783447266 24.671527862548828
1 79 -34.40353775024414 -41.9730224609375 5.6590070724487305
1 80 -41.60503387451172 -36.88595199584961 15.525335311889648
1 81 -43.8586540222168 37.31888198852539 20.003698348999023
1 82 -28.72515869140625 -16.4637393951416 15.049723625183105
1 83 -47.47168731689453 -40.930870056152344 5.340493202209473
1 84 -43.4660530090332 27.107412338256836 1.714701533317566
1 85 -42.61616134643555 -21.62242889404297 10.504878044128418
1 86 36.984092712402344 -24.55397605895996 18.22475242614746
1 87 39.719970703125 -23.289596557617188 -14.383973121643066
1 88 43.331363677978516 -42.00978088378906 -15.136908531188965
1 89 -29.921178817749023 -19.51268196105957 4.233364582061768
1 90 -8.306716918945312 49.186439514160156 22.92534637451172
1 91 -28.324235916137695 -9.38178539276123 -20.720474243164062
1 92 -39.51986312866211 22.40435028076172 -7.825915336608887
1 93 -35.98317337036133 -42.3486328125 -16.983489990234375
1 94 -11.784969329833984 -22.8547420501709 11.504162788391113
1 95 29.98973274230957 44.070350646972656 -8.359082221984863
1 96 -26.465423583984375 -22.777427673339844 -3.3076894283294678
1 97 34.78662109375 -35.82052230834961 -12.223002433776855
1 98 -14.069947242736816 -44.67202377319336 14.546253204345703
1 99 -37.72420120239258 -37.29486083984375 -22.053510665893555
1 100 29.198347091674805 -46.5546989440918 -7.369834899902344
2 1 29.3817195892334 1.5773473978042603 -3.76885986328125
2 2 -26.213468551635742 -35.78788375854492 -10.094260215759277
2 3 -25.139585494995117 -27.147167205810547 -15.642265319824219
2 4 35.396175384521484 23.233963012695312 16.338802337646484
2 5 -11.683063507080078 -2.8802878856658936 -10.25743293762207
2 6 -34.64785385131836 -39.39273452758789 -2.1929616928100586
2 7 -8.673599243164062 20.946683883666992 -2.7411065101623535
2 8 10.399943351745605 -47.22349166870117 -11.026793479919434
2 9 -13.745558738708496 44.18204879760742 17.0059757232666
2 10 -2.4771499633789062 -31.544828414916992 10.173096656799316
2 11 33.008155822753906 29.593168258666992 21.07848358154297
2 12 -35.6903190612793 -34.220821380615234 -16.4752197265625
2 13 30.64908790588379 41.943965911865234 -24.05009651184082
2 14 -20.414060592651367 -44.41160202026367 11.380815505981445
2 15 -29.08194351196289 44.08056640625 1.662788987159729
2 16 -17.31724739074707 44.85686111450195 -6.704143047332764
2 17 43.18459701538086 39.12106704711914 -12.526634216308594
2 18 -45.70103454589844 -47.23039245605469 6.316917419433594
2 19 -43.690582275390625 17.921537399291992 -13.501605987548828
2 20 -33.414127349853516 29.594879150390625 5.221439361572266
2 21 -34.76999282836914 32.118568420410156 -23.470678329467773
2 22 41.56483840942383 28.849788665771484 0.6980820894241333
2 23 -23.93897819519043 -41.63644027709961 12.160531997680664
2 24 39.977264404296875 -42.5406494140625 7.4759521484375
2 25 40.69797134399414 11.937225341796875 0.07840606570243835
2 26 31.85784339904785 -39.2314453125 7.127993583679199
2 27 47.44775390625 -47.788883209228516 -5.9987311363220215
2 28 -30.79930877685547 -5.070241928100586 -23.27033042907715
2 29 -23.139812469482422 -48.6723747253418 19.444355010986328
2 30 -38.518585205078125 -42.2435188293457 -7.618473529815674
2 31 44.02406311035156 9.677299499511719 -9.996097564697266
2 32 29.586917877197266 29.67511749267578 -12.69931697845459
2 33 -42.32645797729492 -48.425777435302734 0.5284730195999146
2 34 -42.66403579711914 -19.701393127441406 -7.429606914520264
2 35 37.625267028808594 -29.17124366760254 16.447860717773438
2 36 5.884418487548828 42.61394119262695 13.890999794006348
2 37 48.240028381347656 38.32395553588867 -10.170141220092773
2 38 -38.38412857055664 -28.294925689697266 -4.320730686187744
2 39 -9.887743949890137 31.552751541137695 23.85825538635254
2 40 37.11003112792969 -20.146326065063477 22.74821662902832
2 41 -35.55039978027344 -30.953338623046875 3.8445253372192383
2 42 -1.8717198371887207 28.99005889892578 11.714927673339844
2 43 -46.09212875366211 40.131874084472656 20.12077522277832
2 44 -43.375244140625 -40.518367767333984 -9.37610149383545
2 45 -27.229074478149414 -23.091171264648438 -21.601659774780273
2 46 9.26998233795166 9.348823547363281 7.8852458000183105
2 47 23.799768447875977 -24.456016540527344 -7.618375301361084
2 48 46.2309684753418 -23.594152450561523 -10.075275421142578
2 49 5.493362903594971 4.339851379394531 23.365253448486328
2 50 46.1546745300293 -18.861534118652344 14.453344345092773
2 51 -25.275232315063477 -42.12167739868164 -9.13131046295166
2 52 -36.54059982299805 33.58203125 0.38845986127853394
2 53 -6.0187506675720215 -27.692352294921875 -18.667573928833008
2 54 29.205184936523438 -37.172306060791016 16.795001983642578
2 55 -34.049259185791016 -49.232879638671875 -16.280879974365234
2 56 -24.182231903076172 10.127179145812988 -2.3110907077789307
2 57 -37.47993469238281 41.90435791015625 12.22852611541748
2 58 -12.404935836791992 27.45207405090332 -2.7942824363708496
2 59 -9.421834945678711 -28.775226593017578 -18.06322479248047
2 60 -7.844711780548096 38.437896728515625 5.589536666870117
2 61 -42.76795959472656 38.307823181152344 -0.9747853875160217
2 62 -22.52532386779785 41.05377197265625 -21.820058822631836
2 63 12.625617980957031 -36.38474655151367 -20.20516014099121
2 64 -40.332698822021484 9.984420776367188 17.88188362121582
2 65 -28.833248138427734 9.496076583862305 2.6905670166015625
2 66 -35.53836441040039 -23.83486557006836 14.647073745727539
2 67 12.556992530822754 -36.209312438964844 -0.8673105239868164
2 68 28.461267471313477 -14.082550048828125 22.92158317565918
2 69 28.300039291381836 46.83722686767578 -19.940593719482422
2 70 -35.595863342285156 6.9595232009887695 19.268617630004883
2 71 -17.841299057006836 -26.310911178588867 -3.0794143676757812
2 72 47.01192092895508 -26.124956130981445 -9.40517807006836
2 73 38.74907684326172 31.19170570373535 5.9817304611206055
2 74 -40.93310546875 -5.556179046630859 14.062006950378418
2 75 -23.533899307250977 33.970279693603516 9.37417984008789
2 76 43.211456298828125 -26.28350257873535 15.961385726928711
2 77 1.405398964881897 44.63450241088867 22.678146362304688
2 78 35.24783706665039 48.462921142578125 24.279911041259766
2 79 -27.210500717163086 -23.274433135986328 17.011838912963867
2 80 -37.461448669433594 -24.355926513671875 -6.6714277267456055
2 81 -38.215694427490234 42.94289779663086 21.488265991210938
2 82 -23.17916488647461 -31.886720657348633 -21.27840232849121
2 83 35.2406120300293 47.893218994140625 2.7067830562591553
2 84 48.06269073486328 2.679596185684204 -2.387195587158203
2 85 -41.69561767578125 -26.91745948791504 13.134583473205566
2 86 44.899776458740234 -17.610811233520508 -22.59446144104004
2 87 25.363155364990234 -16.222471237182617 7.139649868011475
2 88 48.49099349975586 -38.95812225341797 18.326990127563477
2 89 -31.853050231933594 -39.233123779296875 -2.7685513496398926
2 90 0.701027512550354 -46.63424301147461 -21.236242294311523
2 91 -47.76035690307617 -25.50933265686035 -15.392333984375
2 92 -34.17725372314453 12.185486793518066 -11.527657508850098
2 93 46.15436553955078 -31.815649032592773 20.812376022338867
2 94 -22.296632766723633 -24.29081153869629 16.002485275268555
2 95 24.55189323425293 43.068077087402344 -8.340677261352539
2 96 -28.060291290283203 -25.963199615478516 4.17658805847168
2 97 17.127925872802734 -39.922035217285156 -17.288137435913086
2 98 -21.040494918823242 -45.457862854003906 13.818456649780273
2 99 -38.72941589355469 -30.918842315673828 -21.820575714111328
2 100 9.871453285217285 -37.176170349121094 -0.19221307337284088
3 1 36.64888381958008 39.03568649291992 4.022997856140137
3 2 -24.312223434448242 -24.466224670410156 19.1397647857666
3 3 -15.184399604797363 -38.0088005065918 -10.083291053771973
3 4 29.697263717651367 27.8278751373291 -22.688968658447266
3 5 -7.852546691894531 -2.812654495239258 -8.497312545776367
3 6 -38.52676773071289 -22.328752517700195 10.934911727905273
3 7 -4.967538833618164 23.964330673217773 3.3924310207366943
3 8 6.5855631828308105 -42.80585861206055 -5.227005481719971
3 9 -26.318782806396484 28.79301643371582 20.45787239074707
3 10 2.363151788711548 -35.949588775634766 22.67456817626953
3 11 46.414405822753906 32.86735916137695 -17.550569534301758
3 12 -42.55557632446289 45.32110595703125 24.077367782592773
3 13 35.50999069213867 35.184322357177734 -23.764896392822266
3 14 -11.529341697692871 40.43526840209961 19.049524307250977
3 15 -21.462299346923828 32.62629318237305 -16.541601181030273
3 16 -10.636568069458008 35.54426193237305 -24.08650779724121
3 17 -47.51564025878906 35.68827819824219 20.25472640991211
3 18 -44.44100570678711 47.68389892578125 -9.619685173034668
3 19 -37.34523010253906 33.25395965576172 -7.251202583312988
3 20 -40.29362106323242 34.136192321777344 -5.174069404602051
3 21 -32.42351150512695 41.03113555908203 10.799661636352539
3 22 37.98031997680664 24.611000061035156 0.08198650181293488
3 23 -21.152292251586914 46.075321197509766 16.676733016967773
3 24 43.60383605957031 -46.0838737487793 4.057912349700928
3 25 -48.83477783203125 -0.6091834306716919 -10.531951904296875
3 26 21.692806243896484 -20.336658477783203 -9.64031982421875
3 27 39.623291015625 44.90400695800781 -10.257081985473633
3 28 -28.27672576904297 -16.193920135498047 -8.218696594238281
3 29 -21.446826934814453 41.93276596069336 -10.437546730041504
3 30 -45.3726921081543 -46.53675079345703 -6.4534592628479
3 31 -36.19363784790039 27.9984073638916 -0.27926164865493774
3 32 32.27359390258789 26.201845169067383 14.746037483215332
3 33 -43.9276237487793 48.096343994140625 2.1243736743927
3 34 -43.8089714050293 -18.85190773010254 -4.529720783233643
3 35 34.77727127075195 -28.259262084960938 10.306561470031738
3 36 5.578064441680908 -37.64598083496094 14.062124252319336
3 37 41.585777282714844 39.64128494262695 2.3698463439941406
3 38 43.87895584106445 -33.48001480102539 4.922434329986572
3 39 -13.223691940307617 38.02508544921875 -22.608245849609375
3 40 39.0214958190918 -15.727399826049805 21.260337829589844
3 41 -29.20214080810547 -24.385820388793945 -6.890584945678711
3 42 8.784421920776367 39.47459030151367 11.642172813415527
3 43 -46.4890251159668 -44.2382698059082 21.85467529296875
3 44 -41.43885803222656 -33.661903381347656 -8.453803062438965
3 45 -27.09227180480957 -26.465978622436523 16.90485954284668
3 46 27.072620391845703 11.383670806884766 2.355539083480835
3 47 36.23636245727539 -27.438798904418945 -19.331872940063477
3 48 -41.07703399658203 -15.330660820007324 -18.017868041992188
3 49 1.244309663772583 6.058435440063477 -21.704421997070312
3 50 -47.612674713134766 -15.811776161193848 -21.5738468170166
3 51 -20.746076583862305 -48.43521499633789 -3.064761161804199
3 52 -33.297481536865234 24.08647346496582 5.873174667358398
3 53 -5.293153762817383 -21.333385467529297 -4.761969566345215
3 54 30.63823890686035 -46.899627685546875 18.460233688354492
3 55 -34.31352233886719 -42.73048400878906 -14.966601371765137
3 56 -8.63625717163086 5.854377269744873 2.2989492416381836
3 57 -28.419313430786133 34.92378616333008 18.094573974609375
3 58 -14.609667778015137 33.02084732055664 -9.807158470153809
3 59 -1.9609620571136475 -18.443750381469727 14.090826988220215
3 60 -18.550567626953125 43.688621520996094 -1.481541395187378
3 61 38.24461364746094 47.43377685546875 -14.49839973449707
3 62 -27.012157440185547 38.51502990722656 4.847790241241455
3 63 3.7800467014312744 -35.04677200317383 -13.505074501037598
3 64 21.80278205871582 13.99849796295166 22.6643009185791
3 65 -24.85312271118164 18.921001434326172 -3.6906423568725586
3 66 38.522705078125 -33.296871185302734 19.667478561401367
3 67 10.113855361938477 -39.99560546875 4.406254291534424
3 68 28.423152923583984 -24.985658645629883 -15.579957008361816
3 69 28.880863189697266 48.36021041870117 -8.850621223449707
3 70 -39.70207214355469 -1.2495135068893433 15.115849494934082
3 71 -21.54759407043457 -9.696711540222168 -5.505157470703125
3 72 47.31204605102539 -25.897247314453125 -13.773808479309082
3 73 -49.105228424072266 25.630863189697266 2.6417813301086426
3 74 -26.12662696838379 13.109701156616211 6.7465434074401855
3 75 -44.2129020690918 17.791147232055664 11.954876899719238
3 76 38.009281158447266 -41.961761474609375 -1.3388997316360474
3 77 13.717806816101074 -43.94510269165039 21.905399322509766
3 78 41.07112503051758 40.95344161987305 16.781564712524414
3 79 -22.328752517700195 -39.05430221557617 20.467073440551758
3 80 -39.56358337402344 -31.8550968170166 0.7219125032424927
3 81 -30.044910430908203 32.511375427246094 19.782970428466797
3 82 -39.19157791137695 -28.475133895874023 -8.766023635864258
3 83 38.997440338134766 31.640169143676758 0.4712723195552826
3 84 32.34884262084961 23.617830276489258 -13.181200981140137
3 85 -46.740020751953125 -28.105514526367188 24.74305534362793
3 86 44.96275329589844 -10.368606567382812 23.91473388671875
3 87 18.266475677490234 -8.651479721069336 3.5166873931884766
3 88 47.73953628540039 32.7927131652832 -21.34282684326172
3 89 -33.624080657958984 -37.84530258178711 -2.4524447917938232
3 90 7.996048927307129 40.245094299316406 -16.368152618408203
3 91 -34.88995361328125 -31.00857162475586 20.10626220703125
3 92 -20.987625122070312 4.978416442871094 -12.2594633102417
3 93 40.811946868896484 -31.656665802001953 -24.502038955688477
3 94 -28.2967586517334 -14.836236000061035 21.177560806274414
3 95 17.306337356567383 24.363481521606445 -7.318130016326904
3 96 -25.141550064086914 -40.30777359008789 -11.089018821716309
3 97 14.884801864624023 -40.689876556396484 -21.83143424987793
3 98 -21.807687759399414 -34.93903350830078 5.531898498535156
3 99 39.71682357788086 -38.421607971191406 -21.891328811645508
3 100 17.888132095336914 -40.24882125854492 -11.34778881072998
4 1 38.28361511230469 37.91273880004883 7.485301971435547
4 2 -27.33932113647461 -32.027679443359375 11.993637084960938
4 3 -9.661641120910645 -37.606204986572266 -0.8906328678131104
4 4 26.399311065673828 31.210800170898438 9.955883026123047
4 5 0.9404223561286926 -6.054964065551758 -13.617894172668457
4 6 -26.035579681396484 -27.209754943847656 5.750507354736328
4 7 0.6130518913269043 24.591794967651367 8.688708305358887
4 8 -3.2759487628936768 -30.621784210205078 -23.74454116821289
4 9 -36.615535736083984 35.610557556152344 14.887954711914062
4 10 1.0176301002502441 -26.845766067504883 7.456108570098877
4 11 -48.27195739746094 24.767953872680664 -8.033267974853516
4 12 -45.392696380615234 -45.10979080200195 -17.90526580810547
4 13 39.35652160644531 38.447181701660156 23.073095321655273
4 14 -20.20865821838379 42.927188873291016 19.218780517578125
4 15 -2.1877353191375732 33.79326629638672 -5.618233680725098
4 16 -5.1276936531066895 44.048187255859375 -24.037246704101562
4 17 45.06398391723633 39.126182556152344 14.959113121032715
4 18 47.534183502197266 -41.88852310180664 -8.18349838256836
4 19 -24.9101505279541 31.673791885375977 0.14774680137634277
4 20 -36.636924743652344 18.792259216308594 5.148288726806641
4 21 -18.580486297607422 -46.40858459472656 6.836409091949463
4 22 30.206092834472656 21.645483016967773 -1.4373738765716553
4 23 -27.943758010864258 -44.9952392578125 17.035120010375977
4 24 33.787559509277344 39.81346130371094 2.7236979007720947
4 25 46.723411560058594 0.6804577112197876 23.510841369628906
4 26 41.307472229003906 2.053164482116699 -10.8716459274292
4 27 -40.94672393798828 31.26702880859375 -8.745681762695312
4 28 -25.178478240966797 -25.695392608642578 -13.395696640014648
4 29 -36.37725067138672 -35.23603439331055 -17.082029342651367
4 30 -43.14441680908203 -35.893192291259766 1.9728875160217285
4 31 -38.999267578125 24.81641387939453 7.98432731628418
4 32 35.119110107421875 29.93376922607422 7.066577911376953
4 33 44.4058837890625 42.915252685546875 -9.065932273864746
4 34 -33.65309524536133 -35.066192626953125 -10.939530372619629
4 35 34.86503219604492 -11.786678314208984 18.64171028137207
4 36 11.080644607543945 -29.454639434814453 9.879889488220215
4 37 -42.340274810791016 29.010345458984375 -7.222124099731445
4 38 -48.486351013183594 -27.79836082458496 -9.426168441772461
4 39 -15.267648696899414 42.1443977355957 10.01736068725586
4 40 32.333595275878906 -11.150565147399902 11.755626678466797
4 41 -15.859427452087402 -31.945587158203125 -10.641776084899902
4 42 4.993735313415527 30.201126098632812 2.6740453243255615
4 43 48.36867141723633 42.118141174316406 18.41010284423828
4 44 -48.5577278137207 -40.093326568603516 -1.0324957370758057
4 45 -37.42005157470703 -10.512680053710938 -6.5748515129089355
4 46 42.73453903198242 -3.127450704574585 5.9155802726745605
4 47 35.57673263549805 -24.286209106445312 -15.674749374389648
4 48 -32.28052520751953 -16.127342224121094 -5.359245300292969
4 49 5.498352527618408 -1.7179861068725586 1.9310719966888428
4 50 -44.697601318359375 -5.705035209655762 23.674701690673828
4 51 -30.99248504638672 -48.15898513793945 21.886390686035156
4 52 -24.81200408935547 7.6509480476379395 -1.2549896240234375
4 53 5.9015302658081055 -17.09515380859375 -10.725844383239746
4 54 6.503571033477783 44.927337646484375 -1.8541295528411865
4 55 -44.7508544921875 -47.74241256713867 -17.705415725708008
4 56 19.249813079833984 20.243730545043945 -8.010323524475098
4 57 -24.784637451171875 38.16973114013672 14.2833251953125
4 58 -18.56024169921875 40.40537643432617 -22.312875747680664
4 59 -20.35151481628418 -48.157691955566406 5.435416221618652
4 60 -19.585954666137695 34.2203254699707 21.68874740600586
4 61 42.16521072387695 48.066951751708984 -22.315799713134766
4 62 -37.97489929199219 41.778812408447266 -0.6084637641906738
4 63 9.030075073242188 -31.393844604492188 12.258613586425781
4 64 33.05915832519531 -2.788503646850586 13.164979934692383
4 65 -0.17727908492088318 24.226579666137695 -6.582706451416016
4 66 20.692913055419922 48.66008758544922 -19.34115219116211
4 67 28.273372650146484 40.99110412597656 4.504897117614746
4 68 40.11166763305664 -14.765144348144531 19.351821899414062
4 69 28.001548767089844 -46.13029098510742 7.608947277069092
4 70 39.03464126586914 19.66274070739746 -18.311830520629883
4 71 -20.382648468017578 10.930130958557129 5.688636302947998
4 72 43.9329719543457 -12.15224838256836 -6.523952484130859
4 73 -46.71823501586914 21.216419219970703 -4.303192138671875
4 74 -35.12579345703125 8.387049674987793 -20.34874153137207
4 75 -30.15495491027832 2.1047825813293457 5.815761566162109
4 76 26.204448699951172 36.455039978027344 4.473841190338135
4 77 13.645829200744629 -44.0108528137207 23.48407745361328
4 78 26.5463809967041 25.113388061523438 22.014530181884766
4 79 -15.926658630371094 -37.722412109375 8.211315155029297
4 80 -20.87440299987793 -22.420196533203125 13.53577995300293
4 81 -30.010278701782227 37.76390838623047 16.86349868774414
4 82 -46.697784423828125 -25.124263763427734 4.445066928863525
4 83 45.80992126464844 27.286109924316406 -0.8158494830131531
4 84 16.941497802734375 29.965843200683594 23.35852813720703
4 85 37.94282150268555 -9.888860702514648 -22.70785903930664
4 86 -38.01813888549805 1.7974039316177368 -15.486602783203125
4 87 18.614322662353516 -4.513510227203369 -5.897141456604004
4 88 32.83617401123047 26.62372589111328 20.13433074951172
4 89 -33.25701904296875 45.00388717651367 -7.54118537902832
4 90 -7.460731506347656 36.41730499267578 21.8026180267334
4 91 -29.328144073486328 -31.615991592407227 -16.836231231689453
4 92 -19.794681549072266 -9.440524101257324 2.677614450454712
4 93 -46.29353713989258 -26.43717384338379 17.319894790649414
4 94 -25.523710250854492 -23.57107162475586 -19.83121681213379
4 95 16.70490837097168 40.448326110839844 -15.533782005310059
4 96 -23.743757247924805 -32.23389434814453 20.06122589111328
4 97 22.06562614440918 -19.820507049560547 8.786188125610352
4 98 -18.473112106323242 -28.844938278198242 -6.752536296844482
4 99 26.066020965576172 47.58639907836914 6.87261962890625
4 100 12.294919967651367 42.20147705078125 -7.049970626831055
5 1 -41.01097869873047 35.747032165527344 7.053045749664307
5 2 -9.711122512817383 -31.068462371826172 21.157058715820312
5 3 -11.63770866394043 -35.84281921386719 -3.9259278774261475
5 4 12.900325775146484 28.61191749572754 -10.502527236938477
5 5 -10.124537467956543 -33.7906494140625 -13.614801406860352
5 6 -11.53846549987793 -31.225048065185547 9.34835147857666
5 7 16.337886810302734 17.834077835083008 19.199031829833984
5 8 -5.13901424407959 -47.70962142944336 -22.17739486694336
5 9 -40.7570915222168 35.86516571044922 20.3101863861084
5 10 22.65265655517578 -12.342546463012695 11.998446464538574
5 11 31.034683227539062 22.286409378051758 4.912470817565918
5 12 42.18606948852539 -45.65615463256836 -15.494634628295898
5 13 39.353065490722656 -41.89507293701172 -18.66390037536621
5 14 -11.649297714233398 18.757976531982422 20.909847259521484
5 15 -6.335928440093994 39.35432815551758 -12.973787307739258
5 16 -8.520120620727539 37.50998306274414 -16.974384307861328
5 17 41.950782775878906 38.31475830078125 21.773691177368164
5 18 39.148799896240234 -46.92774963378906 3.16880202293396
5 19 -10.256649017333984 29.264570236206055 -1.0950790643692017
5 20 -24.364437103271484 13.930758476257324 -5.164751052856445
5 21 -20.270919799804688 40.810882568359375 -1.798783302307129
5 22 25.70096206665039 18.624446868896484 8.150774002075195
5 23 -16.367950439453125 -25.17412757873535 -12.409041404724121
5 24 -46.311954498291016 26.171489715576172 15.085418701171875
5 25 -25.819210052490234 -0.8423276543617249 20.311969757080078
5 26 -48.00886917114258 -16.467296600341797 -12.22565746307373
5 27 -31.91983413696289 16.383365631103516 -23.32888412475586
5 28 -27.262243270874023 -15.839566230773926 17.15960121154785
5 29 -41.052127838134766 -44.23158264160156 13.341997146606445
5 30 -27.47327423095703 -48.97118377685547 -5.563974380493164
5 31 -23.52482795715332 31.217632293701172 9.32015323638916
5 32 46.418521881103516 9.187602043151855 3.0602242946624756
5 33 -46.31814956665039 41.4030647277832 -18.945791244506836
5 34 -32.63449478149414 -46.8655891418457 8.733792304992676
5 35 46.96709060668945 -14.029818534851074 17.372949600219727
5 36 9.424738883972168 -17.392616271972656 4.165247917175293
5 37 -34.81169128417969 25.411151885986328 -6.66181755065918
5 38 -43.640140533447266 -11.312797546386719 -13.693465232849121
5 39 -13.07783031463623 32.18043899536133 13.780630111694336
5 40 23.091571807861328 -15.677472114562988 18.633087158203125
5 41 -32.184696197509766 -31.540836334228516 -13.00130558013916
5 42 2.178037405014038 32.42758560180664 -12.76545524597168
5 43 30.52463150024414 43.33537292480469 -21.891281127929688
5 44 43.014793395996094 -39.46364974975586 -1.6142959594726562
5 45 -29.665451049804688 -6.289962291717529 -1.159216046333313
5 46 -43.041011810302734 -12.405427932739258 2.6571409702301025
5 47 39.0117073059082 -31.99514389038086 -4.303814888000488
5 48 -27.861957550048828 -23.352540969848633 -3.251790761947632
5 49 16.339494705200195 -10.216239929199219 0.013979274779558182
5 50 44.77216339111328 14.236542701721191 15.8898344039917
5 51 -38.877933502197266 -40.33595657348633 -14.441755294799805
5 52 -31.932666778564453 21.045406341552734 23.356653213500977
5 53 22.876956939697266 9.284174919128418 -4.025116920471191
5 54 -10.178326606750488 22.950496673583984 -22.5502986907959
5 55 35.77896499633789 38.5142822265625 -21.612560272216797
5 56 41.49092102050781 32.955413818359375 -11.552619934082031
5 57 -31.755653381347656 22.716793060302734 17.49303436279297
5 58 -7.278820991516113 36.85067367553711 12.178129196166992
5 59 -23.1787109375 -42.13656234741211 0.09487203508615494
5 60 -1.6847907304763794 14.397944450378418 -17.072025299072266
5 61 38.7463493347168 43.8779411315918 19.588790893554688
5 62 -27.17388916015625 -35.400203704833984 0.43293410539627075
5 63 -0.4934050142765045 -42.190574645996094 8.896162033081055
5 64 37.3193244934082 -8.58869743347168 -24.40662384033203
5 65 -3.652536630630493 42.48280715942383 -6.37273645401001
5 66 11.726871490478516 -41.196044921875 -23.945093154907227
5 67 36.4993782043457 48.43825912475586 -8.314188957214355
5 68 38.305503845214844 -9.918391227722168 20.881895065307617
5 69 24.099262237548828 -38.120933532714844 3.337562084197998
5 70 35.52806091308594 17.97646141052246 -9.058216094970703
5 71 -25.143890380859375 7.5728440284729 -6.251997947692871
5 72 -47.07313919067383 -5.780376434326172 -16.055463790893555
5 73 -46.781192779541016 26.892810821533203 5.3248820304870605
5 74 -34.45086669921875 25.537622451782227 -13.72141170501709
5 75 -22.561368942260742 -2.2941787242889404 12.880720138549805
5 76 15.188726425170898 19.461551666259766 -6.562097549438477
5 77 9.77717113494873 44.68100357055664 20.537179946899414
5 78 22.364849090576172 20.565196990966797 15.642777442932129
5 79 -13.852633476257324 -36.641456604003906 18.71889305114746
5 80 -33.564762115478516 -29.58053970336914 4.106672286987305
5 81 -31.997644424438477 -44.525421142578125 -22.371562957763672
5 82 -43.00505447387695 -35.30177307128906 8.891331672668457
5 83 34.587345123291016 23.829219818115234 3.841764450073242
5 84 20.05056381225586 20.921062469482422 14.400568962097168
5 85 24.079395294189453 -17.43246078491211 21.59771156311035
5 86 -40.98894119262695 -5.8201003074646 21.117265701293945
5 87 21.997114181518555 -11.955426216125488 -19.721220016479492
5 88 22.463115692138672 34.69245529174805 6.558970928192139
5 89 -31.288814544677734 39.0908203125 -20.99651527404785
5 90 -7.638518333435059 45.25550079345703 -22.06939125061035
5 91 -30.069467544555664 -39.711631774902344 11.731561660766602
5 92 -4.435232162475586 -13.194643020629883 9.997090339660645
5 93 -40.764991760253906 -31.856639862060547 5.236245632171631
5 94 -14.164575576782227 -17.24136734008789 -6.89532995223999
5 95 15.674676895141602 33.04813766479492 -14.046278953552246
5 96 -30.72967529296875 -29.202547073364258 -17.961013793945312
5 97 16.214323043823242 -23.654239654541016 11.555085182189941
5 98 -37.246097564697266 -31.37993621826172 -18.489757537841797
5 99 30.606801986694336 -47.78455352783203 11.981290817260742
5 100 10.910265922546387 39.996620178222656 -7.134128570556641
6 1 -48.18805694580078 46.08735656738281 22.404052734375
6 2 -8.444841384887695 -42.981163024902344 17.633331298828125
6 3 -19.724506378173828 -26.34302520751953 15.686271667480469
6 4 1.837149739265442 16.24017333984375 -8.481719970703125
6 5 -21.41826820373535 -44.9349479675293 -23.406269073486328
6 6 5.671717643737793 -29.392227172851562 12.558944702148438
6 7 5.719710350036621 22.34897804260254 -19.24881362915039
6 8 -10.708062171936035 22.54155731201172 -20.679275512695312
6 9 42.58913803100586 33.524818420410156 -24.500324249267578
6 10 40.25130081176758 -4.13360595703125 21.032854080200195
6 11 28.008241653442383 20.6617488861084 -11.607339859008789
6 12 -46.982582092285156 -46.68122482299805 17.73695945739746
6 13 25.681318283081055 -30.39659309387207 21.420251846313477
6 14 -17.78647232055664 18.0355224609375 -23.14616584777832
6 15 2.424058198928833 18.273727416992188 -11.934898376464844
6 16 -9.724617004394531 41.87889099121094 -17.39000701904297
6 17 42.91767501831055 39.36181640625 -21.227357864379883
6 18 37.48306655883789 -32.206459045410156 0.7075123190879822
6 19 -8.311172485351562 20.16564178466797 16.456268310546875
6 20 -27.27010154724121 20.021156311035156 -21.727840423583984
6 21 -36.69938278198242 37.883487701416016 -7.214704513549805
6 22 11.602387428283691 38.569480895996094 -4.978984355926514
6 23 -7.9648661613464355 -22.41691017150879 -5.101028919219971
6 24 -35.48381042480469 12.296479225158691 -24.18412208557129
6 25 2.1541965007781982 3.1311638355255127 -3.997410774230957
6 26 -26.14122772216797 -7.031740665435791 -11.291420936584473
6 27 -38.013031005859375 15.312127113342285 -12.593101501464844
6 28 -31.20710563659668 -11.465263366699219 -17.355958938598633
6 29 -19.54606056213379 -38.583091735839844 14.91423511505127
6 30 42.304744720458984 -35.724082946777344 -3.5295698642730713
6 31 -28.154094696044922 22.044221878051758 16.77721405029297
6 32 -43.403865814208984 13.944085121154785 -0.5471797585487366
6 33 38.459007263183594 43.85001754760742 -14.879254341125488
6 34 -31.517356872558594 -33.50798034667969 0.7395769357681274
6 35 37.596275329589844 -15.732781410217285 23.680912017822266
6 36 6.439842224121094 -17.07575225830078 20.372095108032227
6 37 -40.25387191772461 30.38066864013672 -0.5532984137535095
6 38 -47.632686614990234 -32.780792236328125 -20.25484275817871
6 39 -13.720037460327148 31.00043296813965 11.779319763183594
6 40 -1.557425618171692 -15.927773475646973 15.727615356445312
6 41 -37.98670959472656 -46.607913970947266 -23.077896118164062
6 42 -1.4361767768859863 43.966156005859375 -2.060131549835205
6 43 37.82720184326172 29.526874542236328 23.25537109375
6 44 42.602970123291016 -30.72808074951172 -3.7542343139648438
6 45 -42.94515609741211 -23.645355224609375 8.85899829864502
6 46 -45.86650085449219 -17.098907470703125 16.850431442260742
6 47 6.275683403015137 -46.11044692993164 -10.508342742919922
6 48 -26.918701171875 -20.922351837158203 9.897560119628906
6 49 25.1610050201416 -28.108591079711914 2.6719279289245605
6 50 46.34465026855469 20.00164222717285 6.644039154052734
6 51 -44.446441650390625 -41.414405822753906 1.7102999687194824
6 52 46.80946731567383 10.809182167053223 22.77252197265625
6 53 34.76087188720703 15.363216400146484 1.1517959833145142
6 54 -12.272215843200684 20.990707397460938 12.34731388092041
6 55 38.4332160949707 35.32323455810547 -19.168304443359375
6 56 26.693824768066406 27.876081466674805 -1.7280385494232178
6 57 -33.55585861206055 24.880523681640625 21.294309616088867
6 58 -3.7278971672058105 -45.08898162841797 2.306366443634033
6 59 -11.394341468811035 34.82292556762695 -3.969294309616089
6 60 -4.136180400848389 16.517372131347656 -21.971555709838867
6 61 13.671661376953125 37.66808319091797 19.859527587890625
6 62 -23.15151596069336 -25.741125106811523 -3.8045494556427
6 63 11.597718238830566 -45.21056365966797 15.797988891601562
6 64 36.917701721191406 -14.94530200958252 19.629241943359375
6 65 -14.109893798828125 -46.55975341796875 2.667484760284424
6 66 -5.991099834442139 -31.92250633239746 17.937143325805664
6 67 37.89699935913086 38.2474479675293 -18.815488815307617
6 68 34.44056701660156 -15.470917701721191 23.773601531982422
6 69 31.203306198120117 -28.31049346923828 -9.873113632202148
6 70 46.87957763671875 3.9467296600341797 -19.769987106323242
6 71 -44.22426223754883 1.3305391073226929 -18.049551010131836
6 72 -38.212249755859375 10.254551887512207 -10.34661865234375
6 73 46.60904312133789 7.66300106048584 -7.298955917358398
6 74 -45.15945816040039 12.145018577575684 -14.04330062866211
6 75 -32.06252670288086 -3.047072410583496 0.1293453872203827
6 76 20.728775024414062 27.187423706054688 -11.905594825744629
6 77 30.315195083618164 42.995182037353516 21.766353607177734
6 78 23.108642578125 26.864944458007812 14.253405570983887
6 79 -7.723855018615723 -30.443201065063477 16.711334228515625
6 80 -39.58676528930664 -23.394256591796875 4.056780815124512
6 81 -46.7607307434082 -37.71485900878906 0.8639941811561584
6 82 44.5503044128418 48.69587707519531 -5.561436653137207
6 83 8.013436317443848 34.155723571777344 9.310196876525879
6 84 7.214974403381348 21.545310974121094 4.993149757385254
6 85 30.554664611816406 -29.42204475402832 -12.290855407714844
6 86 -41.651451110839844 -4.923694610595703 9.515634536743164
6 87 28.11086082458496 -15.951112747192383 -20.803661346435547
6 88 9.815033912658691 -46.5326042175293 14.327587127685547
6 89 -38.84043884277344 40.325260162353516 -9.212282180786133
6 90 -3.9257383346557617 33.432586669921875 15.481460571289062
6 91 -45.630916595458984 46.98618698120117 10.866382598876953
6 92 3.7539918422698975 -6.212831020355225 21.857221603393555
6 93 48.74723815917969 -30.487428665161133 -7.587832927703857
6 94 -4.948623180389404 -19.636913299560547 1.3369708061218262
6 95 -7.453962802886963 29.311479568481445 -9.946160316467285
6 96 -21.65378761291504 -37.233985900878906 16.74679946899414
6 97 9.71595287322998 -12.422834396362305 14.540756225585938
6 98 -20.795228958129883 -39.5141716003418 -0.552577555179596
6 99 36.008949279785156 39.66910171508789 18.045085906982422
6 100 21.052732467651367 13.469536781311035 10.255677223205566
7 1 40.63111114501953 43.40290832519531 23.765087127685547
7 2 -5.61982536315918 -32.21486282348633 1.4380295276641846
7 3 -13.36971378326416 -10.915763854980469 18.897014617919922
7 4 -13.717381477355957 36.98340606689453 -5.402493476867676
7 5 -18.932323455810547 -36.170475006103516 17.661075592041016
7 6 5.372513771057129 -32.200103759765625 -1.3285331726074219
7 7 -9.24152946472168 27.39554786682129 17.698780059814453
7 8 -36.12160110473633 15.494184494018555 18.330198287963867
7 9 -40.316402435302734 -47.57381820678711 -23.508562088012695
7 10 -47.571617126464844 -0.8085797429084778 14.782369613647461
7 11 8.824091911315918 14.686168670654297 -7.079798698425293
7 12 -41.88435363769531 -39.64750671386719 15.17200756072998
7 13 28.900693893432617 -37.766963958740234 -18.024152755737305
7 14 -7.347673416137695 -3.432633876800537 -19.336406707763672
7 15 -1.1495829820632935 15.557989120483398 -20.766559600830078
7 16 -11.611862182617188 43.74785614013672 -13.897808074951172
7 17 -42.63811492919922 26.65365219116211 -17.17406463623047
7 18 31.545087814331055 -36.38343048095703 -3.6480681896209717
7 19 3.0704073905944824 29.419727325439453 14.51949405670166
7 20 -39.90789794921875 18.426801681518555 -22.431262969970703
7 21 -32.680057525634766 29.171323776245117 -4.664801597595215
7 22 1.8090652227401733 -46.88837432861328 17.09766960144043
7 23 5.061776638031006 -16.11267852783203 1.8924263715744019
7 24 -31.912330627441406 10.030767440795898 23.053010940551758
7 25 -8.368741989135742 -2.296506881713867 -5.232820987701416
7 26 -22.439512252807617 2.418668270111084 -11.409988403320312
7 27 47.34639358520508 12.791196823120117 -5.797792434692383
7 28 -34.63216018676758 -3.342268705368042 -17.65891456604004
7 29 -23.226594924926758 -42.569091796875 21.172996520996094
7 30 -45.471824645996094 -47.34196472167969 6.679448127746582
7 31 -35.38448715209961 -5.661098480224609 22.57672882080078
7 32 -35.47120666503906 3.2139573097229004 7.950804710388184
7 33 42.17141342163086 30.484045028686523 19.814176559448242
7 34 -20.132200241088867 -15.711362838745117 3.4038310050964355
7 35 35.54497528076172 -12.380492210388184 17.305763244628906
7 36 -9.985651969909668 -9.357741355895996 23.19078826904297
7 37 -26.944438934326172 30.75722312927246 8.452674865722656
7 38 37.16272735595703 -36.59123611450195 -15.490090370178223
7 39 -34.694801330566406 18.654720306396484 -1.384281873703003
7 40 -3.7275710105895996 -8.027913093566895 23.219242095947266
7 41 -13.18614387512207 -44.54220199584961 -23.557586669921875
7 42 2.624786853790283 -45.670013427734375 5.9135026931762695
7 43 31.897687911987305 31.623750686645508 12.889509201049805
7 44 41.224220275878906 -23.453075408935547 -1.5925841331481934
7 45 -33.913814544677734 -24.39127540588379 9.596430778503418
7 46 42.499267578125 -12.875141143798828 12.027420043945312
7 47 7.306385517120361 -33.05586242675781 -20.86443328857422
7 48 -25.26399040222168 -5.276281356811523 4.222416877746582
7 49 25.318695068359375 -42.66759490966797 7.992012977600098
7 50 -47.65937042236328 13.690571784973145 -16.166275024414062
7 51 -36.17408752441406 -41.42546463012695 -7.042510032653809
7 52 24.883726119995117 8.269498825073242 11.145339965820312
7 53 38.3630485534668 13.560635566711426 12.735547065734863
7 54 -15.436761856079102 21.44197654724121 7.052259922027588
7 55 36.171485900878906 31.867502212524414 -17.978103637695312
7 56 28.622556686401367 20.91457176208496 3.109541893005371
7 57 -45.69874572753906 31.445905685424805 13.747754096984863
7 58 13.93675708770752 -36.03800964355469 12.486105918884277
7 59 -0.08984528481960297 29.659963607788086 -4.382680892944336
7 60 0.8844391107559204 19.57636070251465 20.860485076904297
7 61 1.0441399812698364 27.62495231628418 15.761630058288574
7 62 -16.979406356811523 -8.843029022216797 11.175890922546387
7 63 12.945913314819336 -34.30863952636719 -11.907781600952148
7 64 -40.72031784057617 -4.716515064239502 11.64577579498291
7 65 -30.821012496948242 36.18305969238281 -14.779866218566895
7 66 -0.915919840335846 -41.76282501220703 18.87247657775879
7 67 48.464195251464844 19.807416915893555 -11.46942138671875
7 68 43.018150329589844 -26.209203720092773 9.415834426879883
7 69 24.945404052734375 -48.766414642333984 -22.90610122680664
7 70 -30.245529174804688 17.11158561706543 18.306961059570312
7 71 -27.1147403717041 14.64733600616455 21.8407039642334
7 72 -35.11213684082031 14.128599166870117 -7.9582014083862305
7 73 42.68007278442383 19.03727912902832 -9.829092979431152
7 74 37.50700759887695 3.0585625171661377 -20.91564178466797
7 75 -42.07025909423828 19.776723861694336 -24.063701629638672
7 76 16.18698501586914 17.224111557006836 0.811822772026062
7 77 35.91151428222656 48.935245513916016 23.260108947753906
7 78 24.68431854248047 33.650917053222656 11.293575286865234
7 79 -13.501468658447266 -44.78981399536133 18.691158294677734
7 80 -27.90057945251465 -19.287710189819336 6.06357479095459
7 81 -28.340660095214844 -38.60334396362305 -0.5820381045341492
7 82 41.61491775512695 48.472755432128906 -18.366600036621094
7 83 -13.795557022094727 41.529998779296875 0.7832234501838684
7 84 19.286008834838867 30.676984786987305 10.201238632202148
7 85 34.973514556884766 -19.915861129760742 -22.748741149902344
7 86 -33.31580352783203 -5.374156951904297 -20.151958465576172
7 87 17.761594772338867 -5.973413467407227 19.38031768798828
7 88 9.164571762084961 -31.785930633544922 19.914066314697266
7 89 -28.557607650756836 37.26365280151367 -15.60230541229248
7 90 -14.052874565124512 35.79473114013672 22.00400161743164
7 91 -32.0455207824707 40.318336486816406 14.415677070617676
7 92 1.595823049545288 -5.953185081481934 14.12380599975586
7 93 47.00210952758789 -31.118947982788086 -21.54787826538086
7 94 -4.032454967498779 -21.035446166992188 -3.4308388233184814
7 95 -13.521060943603516 38.522621154785156 -23.321739196777344
7 96 -30.570343017578125 -33.14005661010742 14.48572063446045
7 97 -10.702459335327148 3.6387131214141846 10.874564170837402
7 98 -37.6273307800293 -37.1821403503418 -0.3459324836730957
7 99 41.66829299926758 -40.979373931884766 15.307944297790527
7 100 21.54014778137207 10.53590202331543 14.18256664276123
8 1 32.45622634887695 33.587703704833984 10.244479179382324
8 2 5.045393943786621 -34.8002815246582 -13.541491508483887
8 3 -25.395477294921875 1.7395217418670654 3.254000186920166
8 4 -2.63458251953125 37.027442932128906 13.192215919494629
8 5 -23.481689453125 -37.745094299316406 13.470284461975098
8 6 -2.3016295433044434 -29.63559913635254 -7.380390644073486
8 7 -10.502970695495605 -45.62918472290039 -23.315366744995117
8 8 -36.70252227783203 11.541117668151855 23.299396514892578
8 9 -41.77798080444336 -37.74342727661133 16.244482040405273
8 10 -40.435333251953125 -13.381324768066406 2.500169277191162
8 11 0.48532694578170776 1.2669246196746826 -11.751809120178223
8 12 -28.541948318481445 -46.67107391357422 -22.99432945251465
8 13 24.321504592895508 -35.80551528930664 5.896915912628174
8 14 -18.035865783691406 -22.999311447143555 -14.624733924865723
8 15 2.0966391563415527 13.3239164352417 12.993660926818848
8 16 -7.885880470275879 42.1599006652832 -20.43674087524414
8 17 -44.41046905517578 29.193635940551758 2.547712802886963
8 18 31.86145782470703 -34.09842300415039 -12.0552396774292
8 19 -5.163679599761963 26.638946533203125 9.129290580749512
8 20 -42.468589782714844 15.032130241394043 12.957009315490723
8 21 -27.811769485473633 29.809885025024414 -7.887693881988525
8 22 6.3840131759643555 42.17423629760742 18.9086856842041
8 23 -8.875096321105957 -13.051046371459961 -5.909328460693359
8 24 -31.654794692993164 7.6889753341674805 22.543882369995117
8 25 -7.607981204986572 13.526890754699707 -7.225424766540527
8 26 -9.27674388885498 -2.763292074203491 -8.02884578704834
8 27 45.18448257446289 31.79411506652832 -1.6261194944381714
8 28 -48.103878021240234 -16.28328514099121 -16.252513885498047
8 29 -31.033296585083008 -29.702091217041016 7.272177696228027
8 30 -40.88004684448242 46.91629409790039 16.7125186920166
8 31 47.47014236450195 4.8245954513549805 -5.079484462738037
8 32 -21.50237464904785 4.869532585144043 4.665116786956787
8 33 31.37181282043457 30.7737979888916 16.11076545715332
8 34 -23.406219482421875 -11.370898246765137 5.135753631591797
8 35 -46.114845275878906 -13.872875213623047 15.735894203186035
8 36 -5.412554740905762 -18.190580368041992 18.196561813354492
8 37 -20.024614334106445 1.4797085523605347 10.313677787780762
8 38 -42.76568603515625 -29.88372802734375 -15.061509132385254
8 39 -16.48090171813965 27.915613174438477 2.093503475189209
8 40 -0.0929156020283699 -2.9831719398498535 16.933378219604492
8 41 -20.676982879638672 -37.49848556518555 17.076068878173828
8 42 -0.7625656127929688 44.95044708251953 -23.496858596801758
8 43 45.84680938720703 10.451040267944336 22.735300064086914
8 44 37.04541778564453 -24.192712783813477 0.09734123945236206
8 45 -31.864700317382812 -35.773380279541016 9.551996231079102
8 46 38.428558349609375 -10.407768249511719 -11.097482681274414
8 47 -16.3482608795166 -44.163291931152344 23.66722869873047
8 48 -16.287202835083008 -14.792555809020996 15.95667552947998
8 49 11.580789566040039 -41.141971588134766 17.791582107543945
8 50 -35.904537200927734 29.47688865661621 -17.61891746520996
8 51 -30.909364700317383 -39.692054748535156 -18.8214168548584
8 52 11.073473930358887 -0.16149623692035675 -21.15631866455078
8 53 36.33544158935547 11.695159912109375 21.243579864501953
8 54 -7.801587104797363 5.0782575607299805 7.204035758972168
8 55 34.06568145751953 42.07839584350586 19.60153579711914
8 56 26.171300888061523 24.701614379882812 -3.6701431274414062
8 57 -41.12754821777344 29.88896369934082 3.630559206008911
8 58 1.8742175102233887 -46.95189666748047 -3.6658005714416504
8 59 -12.85767650604248 46.64360046386719 8.199209213256836
8 60 -10.98476791381836 25.048234939575195 -23.246347427368164
8 61 -3.8133065700531006 -44.67802429199219 -22.375343322753906
8 62 -32.62729263305664 -16.837984085083008 6.467839241027832
8 63 -3.168820381164551 -33.598690032958984 -10.543482780456543
8 64 -39.55712127685547 -8.222800254821777 -18.074270248413086
8 65 -15.153402328491211 40.258155822753906 11.500123023986816
8 66 1.5449626445770264 46.443477630615234 -22.023540496826172
8 67 44.564857482910156 23.385324478149414 -6.890984058380127
8 68 40.14114761352539 -33.187320709228516 13.316561698913574
8 69 31.12006378173828 -44.90104675292969 -23.952173233032227
8 70 -30.760639190673828 24.69251251220703 19.9250545501709
8 71 -39.430763244628906 20.771629333496094 20.796350479125977
8 72 -26.948959350585938 13.572279930114746 16.681413650512695
8 73 36.194969177246094 22.237672805786133 -0.5385354161262512
8 74 20.08369255065918 -4.665192604064941 -9.87454605102539
8 75 -35.88630294799805 4.571673393249512 -12.502921104431152
8 76 18.235124588012695 27.473169326782227 7.941864490509033
8 77 -45.0761833190918 46.216983795166016 -14.783398628234863
8 78 37.08348846435547 28.9285831451416 2.345531463623047
8 79 -11.310184478759766 43.81587600708008 -17.2196102142334
8 80 -27.27199363708496 -4.917719841003418 10.350302696228027
8 81 -26.954254150390625 -45.34236526489258 -9.58879566192627
8 82 35.373435974121094 -45.04996871948242 16.175554275512695
8 83 -30.404226303100586 30.00602912902832 4.51511287689209
8 84 6.4886274337768555 35.391334533691406 15.52192211151123
8 85 30.356340408325195 -20.626983642578125 18.4009952545166
8 86 -35.432960510253906 -10.256841659545898 22.71092414855957
8 87 18.361034393310547 -13.259157180786133 -21.494752883911133
8 88 16.894792556762695 -45.396080017089844 -10.94665241241455
8 89 -27.88445472717285 43.45018768310547 -11.365859985351562
8 90 -20.919551849365234 40.247901916503906 19.971332550048828
8 91 -43.84095764160156 45.49609375 18.239137649536133
8 92 -6.888854503631592 -2.4153196811676025 15.78351879119873
8 93 40.20343017578125 -22.056276321411133 17.54173469543457
8 94 -2.855870485305786 -25.021697998046875 -12.861496925354004
8 95 -13.054559707641602 36.55200958251953 17.568368911743164
8 96 -13.694567680358887 -35.264434814453125 17.90672492980957
8 97 -7.0613789558410645 -12.352677345275879 13.844239234924316
8 98 -30.643333435058594 -39.444339752197266 4.8982038497924805
8 99 25.405473709106445 -41.28755187988281 8.459588050842285
8 100 9.389763832092285 19.586305618286133 -21.98862075805664
9 1 14.772926330566406 12.173799514770508 5.092258930206299
9 2 13.441303253173828 -28.936595916748047 -0.783196210861206
9 3 -36.77501678466797 -8.928662300109863 -3.858283281326294
9 4 9.612722396850586 29.394920349121094 7.730769634246826
9 5 -12.296788215637207 -45.866058349609375 -23.25435447692871
9 6 -17.690765380859375 -34.50365447998047 -5.983941555023193
9 7 -5.175985813140869 -26.028470993041992 20.172883987426758
9 8 -28.6257266998291 3.3259339332580566 -5.897384166717529
9 9 -38.19230651855469 -48.36497116088867 17.311153411865234
9 10 -37.483497619628906 -18.888093948364258 5.762543678283691
9 11 2.586836576461792 8.093777656555176 16.322362899780273
9 12 -22.28522300720215 -43.80718994140625 -22.34406852722168
9 13 13.951895713806152 -42.02590560913086 -4.0252251625061035
9 14 -24.199216842651367 -27.380891799926758 -16.778526306152344
9 15 -14.007784843444824 10.410353660583496 -20.787057876586914
9 16 -16.157752990722656 -45.11741638183594 16.890483856201172
9 17 -41.772254943847656 18.31533432006836 9.059369087219238
9 18 34.09357833862305 -38.031715393066406 -11.59426212310791
9 19 -13.155598640441895 18.54714584350586 15.510266304016113
9 20 -35.82578659057617 32.75421905517578 4.040881633758545
9 21 -41.36886215209961 34.86667251586914 -17.1418514251709
9 22 12.358572959899902 33.18779754638672 -19.299226760864258
9 23 2.215707302093506 -7.2632036209106445 8.601637840270996
9 24 -39.459632873535156 -0.9520506262779236 18.946491241455078
9 25 11.532373428344727 17.804096221923828 -15.277151107788086
9 26 -11.868727684020996 6.4066362380981445 -23.933366775512695
9 27 20.246898651123047 30.210668563842773 -11.022933959960938
9 28 46.994503021240234 -3.067094564437866 -17.938230514526367
9 29 -40.47943878173828 -35.34573745727539 4.829381942749023
9 30 -32.79087448120117 -32.653228759765625 15.479382514953613
9 31 -37.689308166503906 6.773402214050293 -10.172591209411621
9 32 -16.7337703704834 -0.6631407141685486 7.590510845184326
9 33 11.019682884216309 25.66621208190918 -14.008135795593262
9 34 -18.450693130493164 -6.08157205581665 9.066852569580078
9 35 -41.97942352294922 11.912651062011719 -1.6811683177947998
9 36 -15.136061668395996 -14.873764991760254 13.695695877075195
9 37 -10.7573881149292 -25.035837173461914 4.389892101287842
9 38 -38.475746154785156 -29.77513885498047 -13.63188648223877
9 39 -25.514440536499023 28.03420066833496 -2.813164472579956
9 40 -5.861779689788818 -3.513763904571533 21.150238037109375
9 41 -24.250194549560547 -36.20958709716797 16.261512756347656
9 42 13.633429527282715 -48.245094299316406 -21.262418746948242
9 43 -26.76250457763672 22.895973205566406 17.801939010620117
9 44 41.40403747558594 -29.740339279174805 4.318392276763916
9 45 -20.261545181274414 -28.625381469726562 9.85462760925293
9 46 36.21155548095703 -3.4306800365448 -14.61335277557373
9 47 -10.804180145263672 -32.748817443847656 -22.740427017211914
9 48 -12.959250450134277 -27.22760772705078 5.770756244659424
9 49 24.89491081237793 -37.40421676635742 12.581830024719238
9 50 -36.93255615234375 -49.17131423950195 -13.17740249633789
9 51 -41.87101364135742 -39.52461624145508 -18.4041748046875
9 52 2.444265842437744 -1.1212477684020996 11.293763160705566
9 53 21.89873695373535 15.72612190246582 -22.30204963684082
9 54 -3.392289638519287 24.71735191345215 5.041967868804932
9 55 36.22595977783203 -44.385894775390625 16.01898956298828
9 56 25.152830123901367 38.93843078613281 -4.916811943054199
9 57 -43.49622344970703 20.325010299682617 1.5299127101898193
9 58 -1.4053763151168823 -31.106565475463867 14.998644828796387
9 59 -14.028593063354492 -35.76094055175781 15.002832412719727
9 60 -21.54660987854004 24.869916915893555 -9.337924003601074
9 61 10.300230026245117 -41.30158233642578 -20.2410888671875
9 62 -27.293167114257812 -19.068836212158203 10.126312255859375
9 63 6.7697434425354 -41.68873977661133 -12.040770530700684
9 64 46.168216705322266 -10.018011093139648 -22.61025619506836
9 65 -8.939117431640625 -43.65738296508789 20.19426155090332
9 66 5.306346416473389 -46.930267333984375 22.346914291381836
9 67 -37.495059967041016 39.856929779052734 -2.79372501373291
9 68 -38.72854232788086 -36.50102615356445 9.787934303283691
9 69 10.434577941894531 41.98857116699219 -2.3719420433044434
9 70 -28.613840103149414 24.244226455688477 22.82047462463379
9 71 -20.265718460083008 23.985790252685547 16.787433624267578
9 72 -29.765172958374023 3.2031619548797607 14.284035682678223
9 73 32.321563720703125 8.068859100341797 10.575013160705566
9 74 18.653417587280273 -16.042760848999023 0.5857389569282532
9 75 -45.752716064453125 20.990819931030273 -8.748513221740723
9 76 21.167232513427734 30.72402000427246 -23.411439895629883
9 77 -28.521841049194336 43.69182586669922 -17.75986099243164
9 78 35.14584732055664 32.494171142578125 6.695359706878662
9 79 -14.55501651763916 45.70705795288086 3.0397210121154785
9 80 -29.397764205932617 0.07713456451892853 6.399075508117676
9 81 -25.73129653930664 38.522613525390625 -5.867682933807373
9 82 31.130704879760742 -46.23662567138672 15.295798301696777
9 83 -29.86967658996582 14.248381614685059 6.355958461761475
9 84 11.557753562927246 26.566518783569336 -24.780582427978516
9 85 24.569753646850586 -26.558149337768555 -15.809672355651855
9 86 -39.15192413330078 -9.175175666809082 -7.525832653045654
9 87 19.981599807739258 -18.26505470275879 -8.057877540588379
9 88 37.15360641479492 -47.679466247558594 -4.445083141326904
9 89 -32.76750946044922 42.46113967895508 1.2694350481033325
9 90 -15.90800666809082 34.168601989746094 23.217914581298828
9 91 -14.123025894165039 30.093542098999023 11.61266803741455
9 92 2.2358529567718506 -9.033356666564941 -0.8712253570556641
9 93 48.70785140991211 -33.20896530151367 8.59775447845459
9 94 -18.14528465270996 -32.27050018310547 4.043713092803955
9 95 -27.986005783081055 48.9831428527832 18.24603843688965
9 96 14.475300788879395 -28.628751754760742 -23.524951934814453
9 97 -16.356847763061523 -21.030031204223633 8.888808250427246
9 98 -16.950828552246094 -30.469701766967773 -9.694470405578613
9 99 32.644954681396484 -43.598876953125 7.964293956756592
9 100 14.774950981140137 29.062963485717773 -16.53826141357422
