Info: ENERGY OUTPUT STEPS    5000
Info: CROSSTERM ENERGY INCLUDED IN DIHEDRAL
Info: INCONSISTENCY IN FAST TABLE ENERGY VS FORCE: 0.000325096 AT 11.9556
Info: INCONSISTENCY IN SCOR TABLE ENERGY VS FORCE: 0.000324844 AT 11.9556
Info: INCONSISTENCY IN VDWA TABLE ENERGY VS FORCE: 0.0040507 AT 0.251946
Info: INCONSISTENCY IN VDWB TABLE ENERGY VS FORCE: 0.00150189 AT 0.251946
ENERGY:       0         0.0000         0.0000         0.0000         0.0000        -166669.6112     16248.2894         0.0000         0.0000     28526.3023        -121895.0195       303.9465   -150421.3218   -121839.6104       303.9465           -847.3601      -847.3601    500000.0000      -847.3601      -847.3601
ENERGY:    5000         0.0000         0.0000         0.0000         0.0000        -169180.6659     16683.5954         0.0000         0.0000     28517.7654        -123979.3051       303.8555   -152497.0706   -123924.6289       305.0849            -62.2843       -62.5100    470682.2326         0.2608         0.2281
ENERGY:   10000         0.0000         0.0000         0.0000         0.0000        -169957.5577     17053.3660         0.0000         0.0000     28253.0884        -124651.1032       301.0354   -152904.1917   -124603.0151       302.8007            107.3074       109.2952    469014.5303         1.1967         1.2415
ENERGY:   15000         0.0000         0.0000         0.0000         0.0000        -169664.4774     16610.7855         0.0000         0.0000     28389.8676        -124663.8242       302.4928   -153053.6918   -124601.5007       301.3591           -176.1544      -174.2164    469770.1073         1.9615         1.9904
ENERGY:   20000         0.0000         0.0000         0.0000         0.0000        -169315.0945     16603.1045         0.0000         0.0000     28241.9226        -124470.0675       300.9164   -152711.9901   -124410.1904       301.9125           -174.6941      -172.5407    471135.4046         1.4931         1.5205
ENERGY:   25000         0.0000         0.0000         0.0000         0.0000        -169419.9389     16860.9891         0.0000         0.0000     28196.9919        -124361.9579       300.4377   -152558.9498   -124309.7582       302.4702             35.9525        33.9914    470402.6447         0.5118         0.5219
ENERGY:   30000         0.0000         0.0000         0.0000         0.0000        -170256.4603     17187.8093         0.0000         0.0000     28465.4011        -124603.2499       303.2976   -153068.6510   -124548.5408       302.1521            212.1398       213.6003    468391.9983         2.6867         2.6972
ENERGY:   35000         0.0000         0.0000         0.0000         0.0000        -169569.8966     16772.5845         0.0000         0.0000     28585.7947        -124211.5174       304.5804   -152797.3121   -124149.6087       302.2970            -39.5136       -36.9124    470105.5490         0.9634         0.9697
ENERGY:   40000         0.0000         0.0000         0.0000         0.0000        -169507.1849     16696.3788         0.0000         0.0000     28690.2781        -124120.5279       305.6936   -152810.8061   -124060.2823       303.6703            -43.9887       -41.7229    469360.5812         0.5401         0.5063
ENERGY:   45000         0.0000         0.0000         0.0000         0.0000        -170052.2820     17214.9873         0.0000         0.0000     28485.9176        -124351.3771       303.5162   -152837.2946   -124292.6508       303.6751            195.4093       195.5194    470136.2503         0.3568         0.3669
ENERGY:   50000         0.0000         0.0000         0.0000         0.0000        -169718.1389     16817.2324         0.0000         0.0000     28270.0925        -124630.8139       301.2166   -152900.9065   -124582.5073       302.3344            -34.0797       -36.1439    470385.6335         2.5888         2.5680
ENERGY:   55000         0.0000         0.0000         0.0000         0.0000        -169482.0497     16634.8012         0.0000         0.0000     28218.8274        -124628.4210       300.6703   -152847.2484   -124570.8391       302.8286            -94.4435       -97.5898    469259.5099        -0.2295        -0.2170
ENERGY:   60000         0.0000         0.0000         0.0000         0.0000        -170158.3537     17134.5648         0.0000         0.0000     28213.5938        -124810.1951       300.6146   -153023.7889   -124756.5617       301.1492            150.9049       150.4170    469147.8618         1.1744         1.1840
ENERGY:   65000         0.0000         0.0000         0.0000         0.0000        -169421.4579     16862.4059         0.0000         0.0000     28265.4530        -124293.5990       301.1671   -152559.0520   -124238.2908       302.5748              9.5683         9.1847    470577.3839         1.4496         1.4613
ENERGY:   70000         0.0000         0.0000         0.0000         0.0000        -169865.4020     16888.2668         0.0000         0.0000     28541.6041        -124435.5311       304.1095   -152977.1352   -124381.9312       302.9753            -32.1046       -25.8825    470554.4471         0.6408         0.6434
ENERGY:   75000         0.0000         0.0000         0.0000         0.0000        -169395.1321     16654.5349         0.0000         0.0000     28397.7871        -124342.8101       302.5772   -152740.5972   -124294.8166       302.1238            -71.8916       -72.4060    469437.3368         2.6095         2.5793
ENERGY:   80000         0.0000         0.0000         0.0000         0.0000        -169251.6203     16698.7496         0.0000         0.0000     28573.3431        -123979.5277       304.4477   -152552.8707   -123921.5903       302.9676            -51.0250       -51.0581    470530.7426         2.8439         2.8472
ENERGY:   85000         0.0000         0.0000         0.0000         0.0000        -169614.2082     16834.6407         0.0000         0.0000     28193.3540        -124586.2135       300.3989   -152779.5675   -124527.7940       303.0845            -31.1996       -29.1872    470602.3499         1.8237         1.8241
ENERGY:   90000         0.0000         0.0000         0.0000         0.0000        -169033.7913     16461.3021         0.0000         0.0000     28380.7804        -124191.7087       302.3960   -152572.4891   -124140.3797       302.1098           -230.2656      -230.4471    471351.8554         2.0021         2.0165
ENERGY:   95000         0.0000         0.0000         0.0000         0.0000        -169908.6902     16904.2034         0.0000         0.0000     28311.3399        -124693.1468       301.6561   -153004.4867   -124638.1340       303.0465            -11.1168       -11.9744    469372.1455         1.3600         1.3520
ENERGY:  100000         0.0000         0.0000         0.0000         0.0000        -170038.3119     16881.1116         0.0000         0.0000     28535.0813        -124622.1190       304.0400   -153157.2002   -124564.2816       302.6370            -37.9351       -36.8586    469468.5439         1.0020         1.0159
ENERGY:  105000         0.0000         0.0000         0.0000         0.0000        -169450.1125     16549.8994         0.0000         0.0000     28149.0194        -124751.1938       299.9265   -152900.2131   -124699.1119       301.9020           -175.8558      -179.2050    469985.2686         1.8952         1.8867
ENERGY:  110000         0.0000         0.0000         0.0000         0.0000        -168960.0123     16601.6225         0.0000         0.0000     28355.3357        -124003.0541       302.1248   -152358.3898   -123948.5668       303.1367           -122.3859      -122.6307    471861.8172         1.6824         1.6645
ENERGY:  115000         0.0000         0.0000         0.0000         0.0000        -169621.8278     16835.3671         0.0000         0.0000     28344.6423        -124441.8184       302.0109   -152786.4607   -124391.4180       303.0467            -16.4656       -15.8454    470273.8379         2.3397         2.3208
ENERGY:  120000         0.0000         0.0000         0.0000         0.0000        -169667.3056     16755.7765         0.0000         0.0000     28277.6892        -124633.8398       301.2975   -152911.5291   -124578.2356       301.8788             -2.6169        -1.4536    468404.3749         3.3702         3.3829
ENERGY:  125000         0.0000         0.0000         0.0000         0.0000        -169819.0774     17063.0615         0.0000         0.0000     28323.8755        -124432.1403       301.7896   -152756.0158   -124374.2106       302.1250            106.7440       104.5647    470227.6421         0.6788         0.6729
ENERGY:  130000         0.0000         0.0000         0.0000         0.0000        -169589.2246     16709.5776         0.0000         0.0000     28508.4534        -124371.1936       303.7563   -152879.6470   -124312.0421       301.6925            -37.5495       -38.4838    469209.2739         1.3687         1.4120
ENERGY:  135000         0.0000         0.0000         0.0000         0.0000        -169871.9535     17182.4977         0.0000         0.0000     28453.0631        -124236.3927       303.1661   -152689.4559   -124184.6043       302.5138            193.1353       191.2723    470048.4789        -0.4039        -0.3778
ENERGY:  140000         0.0000         0.0000         0.0000         0.0000        -169899.1323     16871.7986         0.0000         0.0000     28430.8580        -124596.4757       302.9295   -153027.3338   -124539.0882       302.2630            -43.7008       -41.7588    470066.4861         2.9466         2.9590
ENERGY:  145000         0.0000         0.0000         0.0000         0.0000        -169213.6187     16528.4911         0.0000         0.0000     28327.8495        -124357.2781       301.8320   -152685.1276   -124301.3631       302.5481           -214.9667      -214.8118    471700.3418         1.5418         1.5707
ENERGY:  150000         0.0000         0.0000         0.0000         0.0000        -169887.3615     16818.5913         0.0000         0.0000     28469.8696        -124598.9006       303.3452   -153068.7702   -124538.7165       302.4669            -32.9241       -28.3440    468772.1153         0.3848         0.3686
ENERGY:  155000         0.0000         0.0000         0.0000         0.0000        -169613.4673     16765.1886         0.0000         0.0000     28267.1237        -124581.1549       301.1849   -152848.2786   -124526.4615       301.6389            -76.4509       -78.0377    470297.5753         3.3903         3.3953
ENERGY:  160000         0.0000         0.0000         0.0000         0.0000        -169991.9360     16864.0019         0.0000         0.0000     28317.4675        -124810.4665       301.7214   -153127.9340   -124758.4621       301.4372            -39.6918       -40.1480    469639.6356         1.5485         1.5829
ENERGY:  165000         0.0000         0.0000         0.0000         0.0000        -169707.3897     16979.0872         0.0000         0.0000     28241.0823        -124487.2202       300.9075   -152728.3025   -124428.7315       302.0538            141.5718       141.6046    469160.1604         1.2401         1.2520
ENERGY:  170000         0.0000         0.0000         0.0000         0.0000        -169623.9767     16848.0808         0.0000         0.0000     28506.1007        -124269.7952       303.7312   -152775.8959   -124215.7154       302.4595            -10.6827       -12.0243    470130.5954         0.7211         0.6733
ENERGY:  175000         0.0000         0.0000         0.0000         0.0000        -169499.6761     16932.8663         0.0000         0.0000     28660.8587        -123905.9510       305.3802   -152566.8098   -123844.9096       303.0082            139.3840       139.3416    469210.8611         3.5264         3.4783
ENERGY:  180000         0.0000         0.0000         0.0000         0.0000        -169609.1945     16598.1334         0.0000         0.0000     28367.3458        -124643.7153       302.2528   -153011.0611   -124591.1941       302.3878            -90.8911       -89.8029    468049.4182         1.6753         1.6606
ENERGY:  185000         0.0000         0.0000         0.0000         0.0000        -169939.7878     17037.4515         0.0000         0.0000     28301.6568        -124600.6795       301.5529   -152902.3363   -124550.5603       301.3257             77.6167        79.9224    470255.9628         0.2065         0.2007
ENERGY:  190000         0.0000         0.0000         0.0000         0.0000        -169636.7157     16545.3584         0.0000         0.0000     28276.5357        -124814.8216       301.2852   -153091.3574   -124757.2519       301.4794           -278.9991      -280.0782    470938.8449         0.7781         0.7797
ENERGY:  195000         0.0000         0.0000         0.0000         0.0000        -169813.3846     16739.2977         0.0000         0.0000     28313.2891        -124760.7978       301.6768   -153074.0869   -124706.7306       301.0349             -7.3971        -7.2039    467347.3667         1.3111         1.3052
ENERGY:  200000         0.0000         0.0000         0.0000         0.0000        -169252.6294     16506.4845         0.0000         0.0000     28341.2815        -124404.8633       301.9751   -152746.1449   -124354.5335       302.5611           -183.8581      -184.2439    470243.8589         0.9888         0.9986
ENERGY:  205000         0.0000         0.0000         0.0000         0.0000        -169278.2157     16665.0670         0.0000         0.0000     28478.0434        -124135.1052       303.4323   -152613.1486   -124080.4062       302.8928           -111.7309      -109.0298    471394.5620         1.4782         1.4747
ENERGY:  210000         0.0000         0.0000         0.0000         0.0000        -169758.3594     16778.1783         0.0000         0.0000     28444.1942        -124535.9869       303.0716   -152980.1811   -124478.4672       302.5934            -21.6765       -18.8910    469295.4543         0.1308         0.1149
ENERGY:  215000         0.0000         0.0000         0.0000         0.0000        -169280.0158     16645.5484         0.0000         0.0000     28220.0139        -124414.4535       300.6830   -152634.4674   -124354.2182       302.3901           -109.5839      -110.0237    470116.2988         2.8769         2.8554
ENERGY:  220000         0.0000         0.0000         0.0000         0.0000        -169708.3829     16688.3260         0.0000         0.0000     28452.1831        -124567.8738       303.1567   -153020.0569   -124507.7616       302.1832           -103.8315      -106.2390    469323.7508         1.2594         1.2596
ENERGY:  225000         0.0000         0.0000         0.0000         0.0000        -170274.7007     17058.8635         0.0000         0.0000     28375.6248        -124840.2124       302.3410   -153215.8372   -124783.4038       301.4858             65.7738        65.6009    469339.7557         0.9153         0.8889
ENERGY:  230000         0.0000         0.0000         0.0000         0.0000        -169843.6760     16878.5543         0.0000         0.0000     28297.7189        -124667.4028       301.5109   -152965.1217   -124609.9189       302.0803            -56.4787       -62.5125    471140.1299         1.3909         1.4104
ENERGY:  235000         0.0000         0.0000         0.0000         0.0000        -169348.5349     16579.0742         0.0000         0.0000     28437.1315        -124332.3292       302.9964   -152769.4606   -124277.0272       302.0243           -138.2400      -137.4864    470205.1771         0.2101         0.1799
ENERGY:  240000         0.0000         0.0000         0.0000         0.0000        -168865.8834     16227.2638         0.0000         0.0000     28233.4597        -124405.1599       300.8263   -152638.6195   -124351.0902       303.3043           -301.4822      -302.9034    469714.7412         1.9522         1.8852
ENERGY:  245000         0.0000         0.0000         0.0000         0.0000        -169246.3271     16820.5546         0.0000         0.0000     28407.5779        -124018.1946       302.6815   -152425.7725   -123958.3280       302.2980             61.7514        66.6174    470110.6886        -0.2843        -0.2805
ENERGY:  250000         0.0000         0.0000         0.0000         0.0000        -169682.3123     16728.8532         0.0000         0.0000     28497.2706        -124456.1884       303.6371   -152953.4590   -124399.5291       303.0729            -37.9790       -35.5269    469259.4610         1.8643         1.8722
ENERGY:  255000         0.0000         0.0000         0.0000         0.0000        -169533.2515     16791.8503         0.0000         0.0000     28383.1134        -124358.2878       302.4208   -152741.4012   -124303.0779       301.7600             65.0306        68.9108    467806.1317         1.8089         1.8123
ENERGY:  260000         0.0000         0.0000         0.0000         0.0000        -169470.5004     16733.2192         0.0000         0.0000     28346.5648        -124390.7163       302.0314   -152737.2812   -124335.6476       302.1938             20.7771        17.9606    468561.6340         0.5933         0.6177
ENERGY:  265000         0.0000         0.0000         0.0000         0.0000        -169817.3061     16969.6137         0.0000         0.0000     28339.3548        -124508.3376       301.9546   -152847.6924   -124461.5742       302.4822             87.4858        87.4617    469367.3754         0.6723         0.6519
ENERGY:  270000         0.0000         0.0000         0.0000         0.0000        -169762.0987     16659.0232         0.0000         0.0000     28617.8499        -124485.2255       304.9219   -153103.0754   -124425.7758       302.2922           -112.1450      -115.1994    469238.7094         2.4856         2.5164
ENERGY:  275000         0.0000         0.0000         0.0000         0.0000        -169509.4590     16671.6662         0.0000         0.0000     28392.2503        -124445.5424       302.5182   -152837.7927   -124380.9775       301.6891           -121.9647      -118.5904    469917.9644         1.7311         1.7094
ENERGY:  280000         0.0000         0.0000         0.0000         0.0000        -170049.1860     17110.5171         0.0000         0.0000     28278.7041        -124659.9648       301.3083   -152938.6689   -124601.7072       303.2210            119.0699       119.1854    470391.8072         0.8551         0.8353
ENERGY:  285000         0.0000         0.0000         0.0000         0.0000        -169758.8989     17064.0876         0.0000         0.0000     28406.5211        -124288.2902       302.6702   -152694.8113   -124230.3355       302.2877             81.7010        81.1680    471151.6543         0.8478         0.8466
ENERGY:  290000         0.0000         0.0000         0.0000         0.0000        -169316.0484     16756.9283         0.0000         0.0000     28372.7567        -124186.3635       302.3105   -152559.1201   -124135.8537       302.5861            -50.5756       -51.5315    470842.7048         1.2470         1.2354
ENERGY:  295000         0.0000         0.0000         0.0000         0.0000        -169080.3865     16430.4197         0.0000         0.0000     28268.1777        -124381.7890       301.1962   -152649.9667   -124326.4255       303.1760           -256.9688      -256.2498    470693.6323         2.3363         2.3554
ENERGY:  300000         0.0000         0.0000         0.0000         0.0000        -169518.0487     16719.3822         0.0000         0.0000     28644.2293        -124154.4372       305.2030   -152798.6665   -124096.9023       302.6410            -55.8695       -59.2017    469948.0998         1.8370         1.8621
ENERGY:  305000         0.0000         0.0000         0.0000         0.0000        -170075.9894     17026.9997         0.0000         0.0000     28513.8195        -124535.1701       303.8135   -153048.9897   -124478.4218       302.8973             78.0804        76.2039    469855.6512         1.9890         2.0238
ENERGY:  310000         0.0000         0.0000         0.0000         0.0000        -169902.2820     16751.7928         0.0000         0.0000     28559.6487        -124590.8405       304.3018   -153150.4892   -124534.1952       301.7195            -71.9832       -69.8739    468892.9974         0.7793         0.7922
ENERGY:  315000         0.0000         0.0000         0.0000         0.0000        -170459.0611     17122.8115         0.0000         0.0000     28335.7720        -125000.4775       301.9164   -153336.2495   -124941.6418       301.1306            127.8442       126.7232    468355.4623         1.8232         1.8497
ENERGY:  320000         0.0000         0.0000         0.0000         0.0000        -169690.5838     16799.2697         0.0000         0.0000     28384.3595        -124506.9546       302.4341   -152891.3141   -124453.2164       301.7291            -49.3053       -49.8939    470219.2816         3.8013         3.7633
ENERGY:  325000         0.0000         0.0000         0.0000         0.0000        -169589.9310     16840.1427         0.0000         0.0000     28578.8599        -124170.9284       304.5065   -152749.7883   -124113.2713       303.3501             52.8426        52.7382    468610.7442         1.2329         1.2420
ENERGY:  330000         0.0000         0.0000         0.0000         0.0000        -169390.0001     16702.9866         0.0000         0.0000     28489.6242        -124197.3893       303.5557   -152687.0135   -124141.2892       303.0128            -21.2582       -23.1652    470000.5215         1.7195         1.6375
ENERGY:  335000         0.0000         0.0000         0.0000         0.0000        -170162.7720     17274.2599         0.0000         0.0000     28318.2853        -124570.2267       301.7301   -152888.5120   -124510.8349       302.6152            331.6967       330.2107    467322.6895         1.4605         1.4574
ENERGY:  340000         0.0000         0.0000         0.0000         0.0000        -169327.2381     16592.1796         0.0000         0.0000     28353.0332        -124382.0253       302.1003   -152735.0585   -124330.4016       302.3382            -33.1892       -33.6443    468294.7353        -0.0916        -0.0616
ENERGY:  345000         0.0000         0.0000         0.0000         0.0000        -169313.5318     16587.4415         0.0000         0.0000     28250.1751        -124475.9152       301.0044   -152726.0903   -124414.4344       302.9537           -146.7397      -148.1427    470545.5810         2.1675         2.2078
ENERGY:  350000         0.0000         0.0000         0.0000         0.0000        -169841.6953     17132.8824         0.0000         0.0000     28285.3309        -124423.4819       301.3789   -152708.8128   -124360.7528       302.6140            150.5096       148.5392    470774.0879         4.3253         4.3234
ENERGY:  355000         0.0000         0.0000         0.0000         0.0000        -169242.6225     16562.5628         0.0000         0.0000     28391.9400        -124288.1197       302.5149   -152680.0597   -124228.2309       302.2037           -103.0018      -101.7577    468985.6315         3.0173         3.0402
ENERGY:  360000         0.0000         0.0000         0.0000         0.0000        -170043.1920     17164.5884         0.0000         0.0000     28365.4362        -124513.1674       302.2325   -152878.6036   -124458.2770       302.8463            225.6558       225.6320    468388.7243         1.8169         1.7994
ENERGY:  365000         0.0000         0.0000         0.0000         0.0000        -169963.1007     16908.8102         0.0000         0.0000     28391.8412        -124662.4493       302.5138   -153054.2905   -124604.6025       301.8654             -4.4347        -4.1914    469608.0707         1.3269         1.2999
ENERGY:  370000         0.0000         0.0000         0.0000         0.0000        -169417.6684     16822.9054         0.0000         0.0000     28251.9325        -124342.8304       301.0231   -152594.7630   -124292.9474       302.3050             24.2148        25.3085    470151.6468         0.2044         0.2496
ENERGY:  375000         0.0000         0.0000         0.0000         0.0000        -169543.0400     16630.5411         0.0000         0.0000     28440.7636        -124471.7353       303.0351   -152912.4989   -124414.0201       302.2544           -118.9062      -120.9136    469381.4308         1.8245         1.8367
ENERGY:  380000         0.0000         0.0000         0.0000         0.0000        -169470.5016     16823.8212         0.0000         0.0000     28293.3602        -124353.3202       301.4645   -152646.6804   -124295.0816       302.6622             -2.6468         0.8265    470558.6070         0.9424         0.9923
ENERGY:  385000         0.0000         0.0000         0.0000         0.0000        -169729.6316     17065.3023         0.0000         0.0000     28456.9372        -124207.3921       303.2074   -152664.3293   -124154.5476       301.9168            243.2342       239.1141    467918.2203         1.3011         1.3154
ENERGY:  390000         0.0000         0.0000         0.0000         0.0000        -169722.4663     16844.4260         0.0000         0.0000     28266.0887        -124611.9516       301.1739   -152878.0402   -124551.9609       302.3037            -22.6316       -20.7942    470262.1220        -1.5007        -1.5033
ENERGY:  395000         0.0000         0.0000         0.0000         0.0000        -169457.1625     16798.7323         0.0000         0.0000     28195.8349        -124462.5953       300.4254   -152658.4303   -124406.6962       301.7923             68.7364        70.3746    468003.0098        -0.5263        -0.5127
ENERGY:  400000         0.0000         0.0000         0.0000         0.0000        -169234.4259     16624.0021         0.0000         0.0000     27960.8732        -124649.5506       297.9219   -152610.4238   -124601.8713       302.7563           -108.0706      -107.9671    470167.5730         1.3117         1.3246
ENERGY:  405000         0.0000         0.0000         0.0000         0.0000        -169307.3691     16734.9413         0.0000         0.0000     28546.6082        -124025.8195       304.1628   -152572.4278   -123965.6714       302.6068            -55.0143       -55.0905    470508.3457         1.2140         1.2041
ENERGY:  410000         0.0000         0.0000         0.0000         0.0000        -169908.6851     16913.9148         0.0000         0.0000     28444.2134        -124550.5569       303.0718   -152994.7703   -124496.0336       303.0948            -22.5365       -26.7865    469860.9758         2.2753         2.2816
ENERGY:  415000         0.0000         0.0000         0.0000         0.0000        -169726.9514     16963.4305         0.0000         0.0000     28232.5609        -124530.9599       300.8167   -152763.5209   -124479.1533       301.4209             65.7730        67.5835    469895.9843         2.0146         1.9670
ENERGY:  420000         0.0000         0.0000         0.0000         0.0000        -169411.4611     16901.3760         0.0000         0.0000     28442.5304        -124067.5546       303.0539   -152510.0850   -124021.1714       302.7872             95.0420        96.5952    470172.5381         1.8123         1.8459
ENERGY:  425000         0.0000         0.0000         0.0000         0.0000        -170122.9355     17109.0782         0.0000         0.0000     28272.1731        -124741.6842       301.2387   -153013.8573   -124683.2155       302.4893            157.2834       157.7429    468210.1500        -1.3783        -1.3649
ENERGY:  430000         0.0000         0.0000         0.0000         0.0000        -169434.0038     16712.9743         0.0000         0.0000     28330.3637        -124390.6658       301.8588   -152721.0295   -124333.1045       301.7735            -24.6618       -24.5726    468846.6652         1.1880         1.1730
ENERGY:  435000         0.0000         0.0000         0.0000         0.0000        -169566.4763     16671.7897         0.0000         0.0000     28383.4248        -124511.2618       302.4241   -152894.6866   -124453.1631       302.4318            -24.7294       -26.3303    467816.3645         0.2460         0.2111
ENERGY:  440000         0.0000         0.0000         0.0000         0.0000        -169457.1118     16658.4063         0.0000         0.0000     28320.2349        -124478.4707       301.7508   -152798.7056   -124425.1691       302.9461           -114.8346      -116.6090    470775.4803         1.1295         1.1590
ENERGY:  445000         0.0000         0.0000         0.0000         0.0000        -169458.1359     16672.9071         0.0000         0.0000     28293.0063        -124492.2225       301.4607   -152785.2288   -124431.9694       301.4040           -127.0152      -125.8537    470699.6535        -0.0598        -0.0729
ENERGY:  450000         0.0000         0.0000         0.0000         0.0000        -169622.4404     16650.5387         0.0000         0.0000     28320.6309        -124651.2708       301.7551   -152971.9017   -124598.9873       301.9928           -120.7131      -119.9064    469801.2960         1.2227         1.2346
ENERGY:  455000         0.0000         0.0000         0.0000         0.0000        -169587.1211     16878.3593         0.0000         0.0000     28308.4885        -124400.2734       301.6257   -152708.7618   -124344.3731       302.8119            -12.8356       -15.2236    470820.8128         1.2261         1.2409
ENERGY:  460000         0.0000         0.0000         0.0000         0.0000        -169821.5687     16957.1569         0.0000         0.0000     28380.2468        -124484.1651       302.3903   -152864.4119   -124424.9601       302.1643            -35.4567       -35.0854    471807.9240         2.2267         2.2239
ENERGY:  465000         0.0000         0.0000         0.0000         0.0000        -169481.4865     16667.2034         0.0000         0.0000     28352.9485        -124461.3346       302.0994   -152814.2831   -124406.8866       302.3348           -101.7768       -99.6192    469877.9425         0.9261         0.9072
ENERGY:  470000         0.0000         0.0000         0.0000         0.0000        -169157.6119     16559.1603         0.0000         0.0000     28336.0237        -124262.4279       301.9191   -152598.4517   -124207.2269       301.6013           -188.4252      -185.0158    471218.3191        -0.3224        -0.3155
ENERGY:  475000         0.0000         0.0000         0.0000         0.0000        -169505.7034     16579.6728         0.0000         0.0000     28107.2050        -124818.8255       299.4810   -152926.0306   -124758.9853       302.3401           -192.4339      -187.8360    470195.5583         1.3395         1.3521
ENERGY:  480000         0.0000         0.0000         0.0000         0.0000        -169918.2676     17021.7560         0.0000         0.0000     28396.9225        -124499.5890       302.5679   -152896.5115   -124447.6619       302.3214            116.9065       118.3560    469207.5485         1.7873         1.7679
ENERGY:  485000         0.0000         0.0000         0.0000         0.0000        -169657.0567     16996.3927         0.0000         0.0000     28502.2544        -124158.4096       303.6903   -152660.6640   -124103.6595       302.4677             75.5417        77.8148    470901.0820         2.7783         2.7292
ENERGY:  490000         0.0000         0.0000         0.0000         0.0000        -169757.1532     16756.9450         0.0000         0.0000     28258.7217        -124741.4865       301.0954   -153000.2082   -124689.1223       302.2845            -66.8083       -65.0252    469706.3413        -0.1161        -0.1552
ENERGY:  495000         0.0000         0.0000         0.0000         0.0000        -170224.7118     16904.1133         0.0000         0.0000     28343.5603        -124977.0383       301.9994   -153320.5985   -124917.0964       301.8574            -52.8262       -55.2418    469878.7277        -0.3647        -0.2916
ENERGY:  500000         0.0000         0.0000         0.0000         0.0000        -169304.8837     16805.0628         0.0000         0.0000     28237.7923        -124262.0286       300.8724   -152499.8209   -124205.6507       302.3629             -5.9704        -6.3520    470924.7946         0.5636         0.6089
